image: turtlebot_gmapping_map_first_loop.pgm
resolution: 0.030000
origin: [-27.080000, -29.970000, 0.000000]
negate: 0
occupied_thresh: 0.65
free_thresh: 0.196

